1 0.7637161667885882 0.4715777262180974 0.19019751280175567 0.45127610208816704
1 0.7915142648134602 0.3781902552204176 0.2150694952450622 0.4153132250580046
1 0.8478419897585955 0.25870069605568446 0.1960497439648866 0.35498839907192575
1 0.9473299195318216 0.4211136890951276 0.06583760058522312 0.16009280742459397
1 0.6265544989027066 0.6716937354988399 0.19531821506949526 0.4918793503480278
1 0.5607168983174836 0.6107888631090487 0.15581565471836137 0.4744779582366589
1 0.5182882223847842 0.5556844547563805 0.12655449890270667 0.44779582366589327
2 0.1528895391367959 0.5005800464037122 0.24286759326993418 0.1728538283062645
2 0.15910753474762254 0.4019721577726218 0.22311631309436725 0.17517401392111367
2 0.20848573518653987 0.31728538283062646 0.21214337966349672 0.30742459396751737
2 0.25310899780541335 0.25754060324825984 0.12728602779809803 0.35266821345707655
2 0.3408924652523775 0.2476798143851508 0.06876371616678859 0.41183294663573083
